C:\Users\Владелец\AppData\Local\Programs\Python\Python37-32\python.exe "C:/Users/Владелец/Desktop/slet/нейросеть копирование фильтров/код/copy_filtres.py"
start working
17:38
end 0 iteration
17:54
end 1 iteration
18:9
end 2 iteration
18:25
end 3 iteration
18:41
end 4 iteration
18:58
end 5 iteration
19:15
layer1
[[0.5019607843137255, 0.5019607843137255, 0.1568627450980392],
 [-40049.45004032901, -40302.32146257411, -28856.03170189735]]
link12
[[199.57745963881982,
  198.93530909942805,
  206.6354012458541,
  164.98164038061384,
  198.85137495256868,
  201.56743760240212,
  197.83995934460492,
  212.48877896770637,
  223.46815083430263,
  211.30185373599195],
 [201.84300556451413,
  193.6719284619883,
  208.97893993249875,
  155.9064757662393,
  202.50737769023056,
  204.91359562826185,
  189.91670027165551,
  218.48979735902395,
  230.01743629250308,
  212.7620342009643],
 [144.5003074326786,
  140.81260687821478,
  148.38479131798874,
  115.32537905491566,
  145.31296690108488,
  145.49288776450655,
  139.15105266765113,
  154.74868453500906,
  163.33801395634515,
  151.83432062740846]]
layer2
[[1.0, 1.0, 1.0, 1.0, 1.0, 1.0, 1.0, 1.0, 1.0, 1.0],
 [-19.05035867039783,
  -17.291961579861255,
  -20.66232434923328,
  -10.536294318895711,
  -19.099152597178044,
  -19.653792607699188,
  -17.203225786089277,
  -23.070800209932933,
  -27.17448979600171,
  -22.06190449351425]]
link23
[[-1.2399458170513564,
  0.21810845250467295,
  -1.1561282467394869,
  0.32173720935040984,
  -3.6926258572020725,
  -15.749932613448893,
  4.028022362250105,
  -2.7891229338970702,
  -1.8359827315388968,
  -0.932410318862872],
 [-0.6405752066987302,
  -0.6055342832330869,
  -4.480609012450433,
  -3.0409919182194334,
  -6.163534841446143,
  -17.038963336043473,
  -1.749320852391795,
  -0.6228242972791199,
  -3.9697294147117317,
  -6.923573659530663],
 [1.6714309224664405,
  -0.4131044387059422,
  -2.695798255278852,
  0.6131734385682025,
  -1.9255728092123154,
  -16.744014350726975,
  4.177996197143235,
  0.042741523891369,
  -1.9684485992081637,
  -0.8517889018235817],
 [-11.997029441471112,
  -0.39927343344551874,
  -4.923533297514471,
  -3.2560207391476506,
  -3.6688845042875853,
  -15.068115780873518,
  0.49239495851114884,
  -1.7963224868706238,
  -7.2665322222764885,
  -2.5827922888772528],
 [-1.7097671562545154,
  -0.5602217012255122,
  -1.7441616506279112,
  -0.9099738447080526,
  -2.5352590473569188,
  -16.23297491134793,
  3.8397986899465977,
  -2.088160170329756,
  -1.6182859856807938,
  -1.0298251450064546],
 [-0.007341326215511504,
  -0.2799008734209957,
  -1.2966193318227421,
  -0.19246705379510545,
  -2.599504501908808,
  -15.926562154829204,
  3.2752369174902833,
  -2.832100062492799,
  -1.799566183102204,
  0.6645724418635187],
 [-4.6530721091025615,
  -3.0892985214255932,
  -4.303054000882424,
  1.855314761315702,
  -4.898296867557719,
  -18.551483217864046,
  -2.8208041507933026,
  1.3750651600203336,
  -6.550012259093307,
  -5.0576165934779125],
 [0.6271863244497271,
  -0.40717062200174675,
  -2.1484104195178917,
  -0.7579981548027978,
  -0.15066699872086348,
  -19.653791145424112,
  3.9507043985089214,
  5.068941691471785,
  -1.0703082139657265,
  -4.5777122309078955],
 [0.7464494763482521,
  -0.7713381198545357,
  -1.833877267148682,
  -1.97083410367982,
  -3.3511584668456056,
  -20.761784920272177,
  5.915338156809941,
  -9.121141991730775,
  -1.369179378292648,
  -1.0044683147840179],
 [0.5387879136493283,
  -0.29676832020666144,
  -3.1513609936756852,
  0.4031479073790838,
  -2.7763877714190475,
  -18.258815279401205,
  4.50625327066462,
  -0.9481280125648206,
  -2.3279442345397086,
  0.18163181886585103]]
layer3
[[5.793892567972036e-08,
  0.0013532527487015672,
  9.025498455894925e-13,
  0.0009729531150403899,
  1.6068883964466436e-14,
  2.7456816196765737e-76,
  0.9999999999924962,
  1.1101074974933342e-06,
  1.1707177081531917e-13,
  2.4889669308184095e-10],
 [-0.3743560084621708,
  -0.10780344519809316,
  -0.19938838652091995,
  -0.17422516670379615,
  -0.13738546370578042,
  1.241744086699456,
  -0.1314752263454483,
  0.21723595656239475,
  -0.2758403583125921,
  -0.01463472774513385]]
link34
[[-1.3181506343736655, -1.734424923077246, -3.4312077336269273],
 [0.822193249908964, -1.7982599994847925, 0.25628153684553895],
 [0.04986789556217825, -1.9544551485786819, 0.17396532671651166],
 [1.1196123923437233, -2.7799626705234197, 0.757180794299285],
 [-1.135328879076369, -0.5308316199840228, 1.4232479091428991],
 [4.302422430740366, 7.199714816926187, 3.618430848455861],
 [-0.19302356995852624, -0.7875215140038401, -1.4568896627370818],
 [1.4004625148685845, 0.8950262080442452, -0.5784855740164884],
 [-0.45352592645177153, -2.022144092120831, -0.9566736049071712],
 [-0.812472987604737, 0.48836206012329275, 0.5712435688269283]]
layer4
[[0.4499911433082474, 0.3095581565673814, 0.18892281956640225],
 [0.09510689590743882, 0.10612811794242255, 0.01892031768849972]]
Traceback (most recent call last):
  File "C:/Users/Владелец/Desktop/slet/нейросеть копирование фильтров/код/copy_filtres.py", line 159, in <module>
    main()
  File "C:/Users/Владелец/Desktop/slet/нейросеть копирование фильтров/код/copy_filtres.py", line 143, in main
    pixels_nero[i, j] = output_layer[0][0] * 255, output_layer[0][1] * 255, output_layer[0][2] * 255
TypeError: integer argument expected, got float

Process finished with exit code 1
